0,37450
0.01,30838.3
0.02,18873.3
0.03,8085
0.04,2481.67
0.05,1063.33
0.06,773.333
0.07,653.333
0.08,606.667
0.09,555
0.1,576.667
0.11,610
0.12,620
0.13,568.333
0.14,560
0.15,583.333
0.16,653.333
0.17,718.333
0.18,683.333
0.19,753.333
0.2,793.333
0.21,818.333
0.22,838.333

0.18,5803.33
0.19,6206.67
0.2,6298.33
0.21,6605
0.22,6703.33
0.23,7041.67
0.24,7336.67
0.25,7450
0.26,8003.33
0.27,8226.67
0.28,8505
0.29,8783.33
0.3,9056.67
0.31,9326.67
0.32,9423.33
0.33,10126.7
0.34,10133.3
0.35,10483.3
0.36,10715
0.37,10840
0.38,11096.7
0.39,11385
0.4,11718.3
0.41,11916.7
0.42,12153.3
0.43,12253.3
0.44,12513.3
0.45,12898.3
0.46,12740
0.47,12983.3
0.48,13258.3
0.49,13466.7
0.5,13813.3
0.51,13850
0.52,13813.3
0.53,14018.3
0.54,14393.3
0.55,13960
0.56,14233.3
0.57,13970
0.58,13498.3
0.59,12670
0.6,12395
0.61,11191.7
0.62,9736.67
0.63,8375
0.64,7036.67
0.65,5855
0.66,4856.67
0.67,4183.33
0.68,3625
0.69,3131.67
0.7,2761.67
0.71,2415
0.72,2208.33
0.73,2048.33
0.74,1765
0.75,1708.33
0.76,1566.67
0.77,1383.33

0.73,15300
0.74,13818.3
0.75,12340
0.76,11568.3
0.77,10466.7
0.78,9863.33
0.79,9308.33
0.8,8356.67
0.81,7818.33
0.82,7398.33
0.83,7061.67
0.84,6431.67
0.85,6160
0.86,5861.67
0.87,5601.67
0.88,5213.33
0.89,4850
0.9,4631.67
0.91,4325
0.92,4070
0.93,3888.33
0.94,3896.67
0.95,3590
0.96,3450
0.97,3216.67
0.98,3083.33
0.99,2896.67
1,2771.67
1.01,2740
1.02,2580
1.03,2495
1.04,2420
1.05,2188.33
1.06,2148.33
1.07,2000
1.08,1926.67
1.09,1940
1.1,1953.33
1.11,1706.67
1.12,1746.67
1.13,1616.67
1.14,1673.33
1.15,1595
1.16,1455
1.17,1446.67
1.18,1365
1.19,1355
1.2,1285
1.21,1131.67
1.22,1248.33
1.23,1183.33
1.24,1128.33
1.25,1100
1.26,978.333
1.27,1091.67

1.23,17595
1.24,16975
1.25,16120
1.26,15983.3
1.27,15225
1.28,14808.3
1.29,14316.7
1.3,13588.3
1.31,13393.3
1.32,12890
1.33,12405
1.34,12348.3
1.35,12045
1.36,11395
1.37,11173.3
1.38,10833.3
1.39,10421.7
1.4,10196.7
1.41,9920
1.42,9468.33
1.43,9158.33
1.44,9108.33
1.45,8833.33
1.46,8411.67
1.47,8253.33
1.48,8195
1.49,7726.67
1.5,7383.33
1.51,7185
1.52,7118.33
1.53,7071.67
1.54,6700
1.55,6736.67
1.56,6611.67
1.57,6395
1.58,6241.67
1.59,5920
1.6,5876.67
1.61,5590
1.62,5545
1.63,5401.67
1.64,5258.33
1.65,5246.67
1.66,4883.33
1.67,4700
1.68,4493.33
1.69,4608.33
1.7,4523.33
1.71,4365
1.72,4188.33
1.73,4160
1.74,4146.67
1.75,3981.67
1.76,3783.33
1.77,3838.33
1.78,3713.33
1.79,3575
1.8,3420
1.81,3380
1.82,3363.33
1.83,3315
1.84,3053.33
1.85,3066.67
1.86,3050
1.87,3011.67
1.88,2935
1.89,2661.67
1.9,2675
1.91,2713.33
1.92,2751.67
1.93,2436.67
1.94,2440
1.95,2260
1.96,2320
1.97,2385
1.98,2238.33
1.99,2205
2,2235
2.01,2123.33
2.02,2136.67
2.03,2006.67
2.04,1971.67
2.05,1906.67
2.06,1811.67
2.07,1881.67
2.08,1823.33
2.09,1821.67
2.1,1823.33
2.11,1671.67
2.12,1608.33
2.13,1530
2.14,1673.33
2.15,1500
2.16,1520
2.17,1521.67
2.18,1396.67
2.19,1373.33
2.2,1416.67
2.21,1416.67
2.22,1311.67
2.23,1378.33
2.24,1421.67
2.25,1310
2.26,1203.33
2.27,1110
2.28,1168.33
2.29,1215
2.3,1131.67
2.31,1125
2.32,996.667
2.33,1080
2.34,1015
2.35,1025
2.36,1058.33
2.37,1010
2.38,948.333
2.39,873.333
2.4,920
2.41,923.333
2.42,861.667
2.43,843.333
2.44,850
2.45,806.667
2.46,775
2.47,801.667
2.48,761.667
2.49,685
2.5,765
2.51,743.333
2.52,691.667
2.53,713.333
2.54,648.333
2.55,681.667
2.56,680
2.57,610
2.58,655
2.59,578.333
2.6,626.667
2.61,595
2.62,620
2.63,580
2.64,546.667
2.65,530
2.66,525
2.67,526.667
2.68,540
2.69,565
2.7,506.667
2.71,481.667
2.72,483.333
2.73,463.333
2.74,440
2.75,468.333
2.76,423.333
2.77,391.667
2.78,451.667
2.79,438.333
2.8,395
2.81,375
2.82,390
2.83,365
2.84,406.667
2.85,375
2.86,371.667
2.87,330
2.88,365
2.89,366.667
2.9,296.667
2.91,380
2.92,325
2.93,340
2.94,298.333
2.95,303.333
2.96,285
2.97,265
2.98,290
2.99,308.333
3,320
3.01,236.667
3.02,250
3.03,276.667
3.04,288.333
3.05,270
3.06,218.333
3.07,203.333
3.08,215
3.09,230
3.1,225
3.11,213.333
3.12,238.333
3.13,211.667
3.14,210
3.15,195
3.16,221.667
3.17,188.333
3.18,210
3.19,186.667
3.2,203.333
3.21,158.333
3.22,175
3.23,180
3.24,188.333
3.25,178.333
3.26,208.333
3.27,158.333
3.28,168.333
3.29,166.667
3.3,173.333
3.31,143.333
3.32,146.667
3.33,138.333
3.34,155
3.35,113.333
3.36,126.667
3.37,135
3.38,133.333
3.39,121.667
3.4,140
3.41,136.667
3.42,115
3.43,106.667
3.44,130
3.45,130
3.46,113.333
3.47,113.333
3.48,103.333
3.49,91.6667
3.5,116.667
3.51,111.667
3.52,103.333
3.53,103.333
3.54,100
3.55,98.3333
3.56,88.3333
3.57,95
3.58,88.3333
3.59,83.3333
3.6,108.333
3.61,65
3.62,83.3333
3.63,96.6667
3.64,88.3333
3.65,90
3.66,68.3333
3.67,83.3333
3.68,73.3333
3.69,75
3.7,83.3333
3.71,78.3333
3.72,101.667
3.73,83.3333
3.74,68.3333
3.75,88.3333
3.76,76.6667
3.77,55
3.78,61.6667
3.79,51.6667
3.8,65
3.81,55
3.82,58.3333
3.83,41.6667
3.84,68.3333
3.85,65
3.86,55
3.87,51.6667
3.88,63.3333
3.89,50
3.9,45
3.91,38.3333
3.92,45
3.93,60
3.94,50
3.95,48.3333
3.96,38.3333
3.97,50
3.98,40
3.99,55
4,35

