0.05,378279
0.06,178804
0.07,128521
0.08,112613
0.09,100496
0.1,95429.2
0.11,93533.3
0.12,93116.7
0.13,98091.7
0.14,100796
0.15,105408
0.16,111004
0.17,115971
0.18,121946
0.19,126683
0.2,131725
0.21,137954
0.22,143671
0.23,149650
0.24,155442
0.25,160146
0.26,167829
0.27,173975
0.28,179604
0.29,184596
0.3,190104
0.31,195650
0.32,201713
0.33,208392
0.34,212192
0.35,218808
0.36,224396
0.37,231179
0.38,235971
0.39,243025
0.4,247846
0.41,253600
0.42,257463
0.43,266088
0.44,272075
0.45,274954
0.46,280142
0.47,284813
0.48,292117
0.49,296433
0.5,301971
0.51,306808
0.52,314342
0.53,317529
0.54,325492
0.55,329392
0.56,334250
0.57,338083
0.58,340988
0.59,350750
0.6,351238
0.61,355904
0.62,360542
0.63,364363
0.64,368996
0.65,369733
0.66,374842
0.67,378267
0.68,378263
0.69,378871
0.7,380321
0.71,378013
0.72,377858
0.73,372271
0.74,368175
0.75,358125
0.76,348621
0.77,331588
0.78,313554
0.79,288717
0.8,258908
0.81,225721
0.82,187258
0.83,149733
0.84,113267
0.85,81991.7
0.86,55345.8
0.87,35812.5
0.88,23887.5
0.89,18358.3
0.9,16283.3
0.91,18416.7
0.92,21991.7
0.93,24975
0.94,28891.7
0.95,31975
0.96,33650
0.97,34579.2
0.98,35258.3
0.99,34654.2
1,33662.5
1.01,31433.3
1.02,28341.7
1.03,26029.2
1.04,23962.5
1.05,19775
1.06,17650
1.07,14550
1.08,11295.8
1.09,10095.8
1.1,7312.5
1.11,6016.67
1.12,4762.5
1.13,4125
1.14,3204.17
1.15,2866.67
1.16,3116.67
1.17,3116.67
1.18,3445.83
1.19,3804.17
1.2,4712.5
1.21,4900
1.22,5291.67
1.23,5916.67
1.24,6229.17
1.25,6666.67
1.26,7133.33
1.27,7541.67
1.28,7666.67
1.29,7491.67
1.3,7595.83
1.31,7300
1.32,6908.33
1.33,6975
1.34,6279.17
1.35,5995.83
1.36,5529.17
1.37,4833.33
1.38,4533.33
1.39,4516.67
1.4,3379.17
1.41,3237.5
1.42,2762.5
1.43,2220.83
1.44,2012.5
1.45,1945.83
1.46,1587.5
1.47,1591.67
1.48,1195.83
1.49,1241.67
1.5,1333.33
1.51,1275
1.52,1429.17
1.53,1487.5
1.54,1450
1.55,1770.83
1.56,1916.67
1.57,1816.67
1.58,2233.33
1.59,2395.83
1.6,2250
1.61,2437.5
1.62,2454.17
1.63,2529.17
1.64,2358.33
1.65,2616.67
1.66,2233.33
1.67,2666.67
1.68,2279.17
1.69,2270.83
1.7,2033.33
1.71,1895.83
1.72,1745.83
1.73,1550
1.74,1345.83
1.75,1479.17
1.76,1154.17
1.77,1100
1.78,1004.17
1.79,987.5
1.8,795.833
1.81,695.833
1.82,766.667
1.83,633.333
1.84,666.667
1.85,591.667
1.86,637.5
1.87,633.333
1.88,637.5
1.89,650
1.9,716.667
1.91,645.833
1.92,712.5
1.93,741.667
1.94,770.833
1.95,775
1.96,854.167
1.97,879.167
1.98,883.333
1.99,870.833
2,916.667
2.01,837.5
2.02,833.333
2.03,825
2.04,720.833
2.05,762.5
2.06,700
2.07,679.167
2.08,600
2.09,595.833
2.1,504.167
2.11,512.5
2.12,495.833
2.13,375
2.14,420.833
2.15,450
2.16,370.833
2.17,312.5
2.18,370.833
2.19,308.333
2.2,254.167
2.21,258.333
2.22,312.5
2.23,254.167
2.24,270.833
2.25,258.333
2.26,295.833
2.27,233.333
2.28,283.333
2.29,254.167
2.3,333.333
2.31,291.667
2.32,308.333
2.33,337.5
2.34,316.667
2.35,258.333
2.36,354.167
2.37,295.833
2.38,329.167
2.39,237.5
2.4,304.167
2.41,262.5
2.42,241.667
2.43,304.167
2.44,283.333
2.45,270.833
2.46,279.167
2.47,254.167
2.48,183.333
2.49,166.667
2.5,220.833
2.51,166.667
2.52,166.667
2.53,120.833
2.54,133.333
2.55,175
2.56,145.833
2.57,120.833
2.58,154.167
2.59,125
2.6,150
2.61,116.667
2.62,100
2.63,95.8333
2.64,125
2.65,141.667
2.66,158.333
2.67,191.667
2.68,104.167
2.69,129.167
2.7,175
2.71,129.167
2.72,116.667
2.73,120.833
2.74,104.167
2.75,95.8333
2.76,154.167
2.77,100
2.78,125
2.79,129.167
2.8,112.5
2.81,133.333
2.82,129.167
2.83,129.167
2.84,116.667
2.85,108.333
2.86,79.1667
2.87,83.3333
2.88,95.8333
2.89,70.8333
2.9,54.1667
2.91,83.3333
2.92,45.8333
2.93,83.3333
2.94,70.8333
2.95,87.5
2.96,79.1667
2.97,95.8333
2.98,54.1667
2.99,87.5
3,95.8333
3.01,79.1667
3.02,108.333
3.03,66.6667
3.04,83.3333
3.05,83.3333
3.06,79.1667
3.07,45.8333
3.08,100
3.09,79.1667
3.1,45.8333
3.11,58.3333
3.12,70.8333
3.13,112.5
3.14,62.5
3.15,75
3.16,54.1667
3.17,75
3.18,91.6667
3.19,62.5
3.2,20.8333
3.21,62.5
3.22,75
3.23,41.6667
3.24,45.8333
3.25,45.8333
3.26,33.3333
3.27,50
3.28,41.6667
3.29,62.5
3.3,45.8333
3.31,54.1667
3.32,37.5
3.33,29.1667
3.34,37.5
3.35,62.5
3.36,50
3.37,29.1667
3.38,33.3333
3.39,58.3333
3.4,54.1667
3.41,37.5
3.42,50
3.43,25
3.44,54.1667
3.45,54.1667
3.46,41.6667
3.47,20.8333
3.48,37.5
3.49,50
3.5,29.1667
3.51,20.8333
3.52,45.8333
3.53,20.8333
3.54,45.8333
3.55,29.1667
3.56,58.3333
3.57,25
3.58,16.6667
3.59,29.1667
3.6,29.1667
3.61,50
3.62,20.8333
3.63,12.5
3.64,25
3.65,29.1667
3.66,50
3.67,45.8333
3.68,20.8333
3.69,20.8333
3.7,29.1667
3.71,12.5
3.72,20.8333
3.73,16.6667
3.74,25
3.75,20.8333
3.76,25
3.77,20.8333
3.78,37.5
3.79,29.1667
3.8,8.33333
3.81,25
3.82,12.5
3.83,33.3333
3.84,29.1667
3.85,29.1667
3.86,29.1667
3.87,8.33333
3.88,20.8333
3.89,33.3333
3.9,12.5
3.91,20.8333
3.92,25
3.93,8.33333
3.94,4.16667
3.95,8.33333
3.96,20.8333
3.97,20.8333
3.98,4.16667
3.99,16.6667
4,8.33333
4.01,25
4.02,8.33333
4.03,20.8333
4.04,4.16667
4.05,12.5
4.06,12.5
4.07,16.6667
4.08,8.33333
4.09,16.6667
4.1,8.33333
4.11,16.6667
4.12,20.8333
4.13,12.5
4.14,16.6667
4.15,16.6667
4.16,12.5
4.17,8.33333
4.18,4.16667
4.19,12.5
4.2,0
4.21,12.5
4.22,12.5
4.23,16.6667
4.24,8.33333
4.25,12.5
4.26,8.33333
4.27,8.33333
4.28,16.6667
4.29,16.6667
4.3,4.16667
4.31,20.8333
4.32,8.33333
4.33,8.33333
4.34,12.5
4.35,12.5
4.36,25
4.37,8.33333
4.38,8.33333
4.39,16.6667
4.4,4.16667
4.41,8.33333
4.42,4.16667
4.43,8.33333
4.44,8.33333
4.45,4.16667
4.46,12.5
4.47,4.16667
4.48,20.8333
4.49,0
4.5,12.5
4.51,8.33333
4.52,8.33333
4.53,4.16667
4.54,16.6667
4.55,12.5
4.56,4.16667
4.57,4.16667
4.58,12.5
4.59,12.5
4.6,4.16667
4.61,8.33333
4.62,8.33333
4.63,12.5
4.64,8.33333
4.65,8.33333
4.66,4.16667
4.67,8.33333
4.68,8.33333
4.69,16.6667
4.7,8.33333
4.71,4.16667
4.72,8.33333
4.73,4.16667
4.74,12.5
4.75,4.16667
4.76,0
4.77,12.5
4.78,4.16667
4.79,8.33333
4.8,16.6667
4.81,8.33333
4.82,12.5
4.83,8.33333
4.84,4.16667
4.85,4.16667
4.86,8.33333
4.87,20.8333
4.88,4.16667
4.89,4.16667
4.9,8.33333
4.91,12.5
4.92,8.33333
4.93,16.6667
4.94,0
4.95,0
4.96,4.16667
4.97,8.33333
4.98,4.16667
4.99,8.33333
5,4.16667
5.01,4.16667
5.02,12.5
5.03,0
5.04,0
5.05,16.6667
5.06,8.33333
5.07,8.33333
5.08,0
5.09,12.5
5.1,8.33333
5.11,16.6667
5.12,12.5
5.13,4.16667
5.14,8.33333
5.15,8.33333
5.16,12.5
5.17,20.8333
5.18,0
5.19,0
5.2,8.33333
5.21,8.33333
5.22,0
5.23,0
5.24,4.16667
5.25,4.16667
5.26,0
5.27,12.5
5.28,4.16667
5.29,0
5.3,4.16667
5.31,0
5.32,0
5.33,16.6667
5.34,4.16667
5.35,8.33333
5.36,0
5.37,0
5.38,0
5.39,4.16667
5.4,12.5
5.41,8.33333
5.42,4.16667
5.43,8.33333
5.44,0
5.45,8.33333
5.46,4.16667
5.47,8.33333
5.48,0
5.49,4.16667
5.5,0
5.51,4.16667
5.52,0
5.53,4.16667
5.54,8.33333
5.55,4.16667
5.56,4.16667
5.57,12.5
5.58,0
5.59,12.5
5.6,8.33333
5.61,4.16667
5.62,0
5.63,8.33333
5.64,16.6667
5.65,8.33333
5.66,4.16667
5.67,0
5.68,4.16667
5.69,4.16667
5.7,4.16667
5.71,8.33333
5.72,4.16667
5.73,0
5.74,8.33333
5.75,0
5.76,0
5.77,0
5.78,4.16667
5.79,0
5.8,4.16667
5.81,0
5.82,0
5.83,0
5.84,8.33333
5.85,4.16667
5.86,16.6667
5.87,12.5
5.88,0
5.89,4.16667
5.9,8.33333
5.91,0
5.92,0
5.93,4.16667
5.94,4.16667
5.95,4.16667
5.96,4.16667
5.97,12.5
5.98,4.16667
5.99,0
6,8.33333
6.01,0
6.02,0
6.03,0
6.04,8.33333
6.05,4.16667
6.06,0
6.07,4.16667
6.08,0
6.09,0
6.1,4.16667
6.11,4.16667
6.12,16.6667
6.13,4.16667
6.14,0
6.15,8.33333
6.16,4.16667
6.17,8.33333
6.18,4.16667
6.19,0
6.2,8.33333
6.21,4.16667
6.22,4.16667
6.23,4.16667
6.24,4.16667
6.25,8.33333
6.26,0
6.27,0
6.28,4.16667
6.29,4.16667
6.3,0
6.31,0
6.32,0
6.33,12.5
6.34,8.33333
6.35,12.5
6.36,8.33333
6.37,8.33333
6.38,4.16667
6.39,4.16667
6.4,0
6.41,4.16667
6.42,4.16667
6.43,4.16667
6.44,0
6.45,4.16667
6.46,0
6.47,0
6.48,4.16667
6.49,4.16667
6.5,4.16667
6.51,0
6.52,4.16667
6.53,4.16667
6.54,0
6.55,4.16667
6.56,4.16667
6.57,8.33333
6.58,0
6.59,4.16667
6.6,4.16667
6.61,0
6.62,0
6.63,8.33333
6.64,0
6.65,0
6.66,4.16667
6.67,4.16667
6.68,8.33333
6.69,4.16667
6.7,0
6.71,20.8333
6.72,12.5
6.73,0
6.74,8.33333
6.75,0
6.76,8.33333
6.77,0
6.78,0
6.79,0
6.8,0
6.81,0
6.82,0
6.83,0
6.84,4.16667
6.85,4.16667
6.86,4.16667
6.87,0
6.88,4.16667
6.89,4.16667
6.9,0
6.91,12.5
6.92,0
6.93,0
6.94,0
6.95,0
6.96,4.16667
6.97,0
6.98,4.16667
6.99,0
7,4.16667
7.01,4.16667
7.02,12.5
7.03,4.16667
7.04,0
7.05,4.16667
7.06,4.16667
7.07,4.16667
7.08,0
7.09,4.16667
7.1,8.33333
7.11,4.16667
7.12,0
7.13,0
7.14,8.33333
7.15,0
7.16,4.16667
7.17,4.16667
7.18,4.16667
7.19,4.16667
7.2,4.16667
7.21,0
7.22,4.16667
7.23,4.16667
7.24,8.33333
7.25,0
7.26,4.16667
7.27,0
7.28,0
7.29,4.16667
7.3,8.33333
7.31,0
7.32,0
7.33,4.16667
7.34,8.33333
7.35,0
7.36,4.16667
7.37,8.33333
7.38,4.16667
7.39,4.16667
7.4,0
7.41,4.16667
7.42,0
7.43,4.16667
7.44,4.16667
7.45,0
7.46,4.16667
7.47,12.5
7.48,0
7.49,4.16667
7.5,0
7.51,4.16667
7.52,0
7.53,4.16667
7.54,8.33333
7.55,4.16667
7.56,0
7.57,0
7.58,8.33333
7.59,12.5
7.6,4.16667
7.61,8.33333
7.62,0
7.63,0
7.64,4.16667
7.65,0
7.66,8.33333
7.67,0
7.68,8.33333
7.69,4.16667
7.7,4.16667
7.71,0
7.72,8.33333
7.73,4.16667
7.74,4.16667
7.75,0
7.76,4.16667
7.77,4.16667
7.78,0
7.79,8.33333
7.8,0
7.81,8.33333
7.82,4.16667
7.83,4.16667
7.84,0
7.85,4.16667
7.86,0
7.87,0
7.88,0
7.89,8.33333
7.9,4.16667
7.91,8.33333
7.92,0
7.93,4.16667
7.94,0
7.95,0
7.96,0
7.97,0
7.98,4.16667
7.99,8.33333
8,0
8.01,8.33333
8.02,8.33333
8.03,8.33333
8.04,8.33333
8.05,8.33333
8.06,4.16667
8.07,4.16667
8.08,0
8.09,0
8.1,0
8.11,4.16667
8.12,0
8.13,4.16667
8.14,4.16667
8.15,4.16667
8.16,4.16667
8.17,4.16667
8.18,4.16667
8.19,0
8.2,0
8.21,8.33333
8.22,0
8.23,8.33333
8.24,4.16667
8.25,4.16667
8.26,4.16667
8.27,0
8.28,0
8.29,0
8.3,4.16667
8.31,4.16667
8.32,8.33333
8.33,12.5
8.34,12.5
8.35,0
8.36,4.16667
8.37,0
8.38,4.16667
8.39,8.33333
8.4,0
8.41,0
8.42,8.33333
8.43,8.33333
8.44,8.33333
8.45,0
8.46,0
8.47,4.16667
8.48,0
8.49,0
8.5,0
8.51,0
8.52,4.16667
8.53,0
8.54,0
8.55,4.16667
8.56,0
8.57,4.16667
8.58,0
8.59,0
8.6,0
8.61,0
8.62,0
8.63,0
8.64,8.33333
8.65,4.16667
8.66,4.16667
8.67,4.16667
8.68,0
8.69,4.16667
8.7,8.33333
8.71,4.16667
8.72,4.16667
8.73,0
8.74,4.16667
8.75,0
8.76,8.33333
8.77,0
8.78,0
8.79,0
8.8,0
8.81,8.33333
8.82,0
8.83,4.16667
8.84,0
8.85,0
8.86,8.33333
8.87,0
8.88,8.33333
8.89,0
8.9,0
8.91,8.33333
8.92,4.16667
8.93,0
8.94,12.5
8.95,0
8.96,0
8.97,0
8.98,4.16667
8.99,4.16667
9,8.33333
9.01,0
9.02,0
9.03,8.33333
9.04,4.16667
9.05,0
9.06,8.33333
9.07,4.16667
9.08,0
9.09,0
9.1,0
9.11,0
9.12,4.16667
9.13,0
9.14,4.16667
9.15,8.33333
9.16,4.16667
9.17,0
9.18,4.16667
9.19,4.16667
9.2,0
9.21,4.16667
9.22,4.16667
9.23,4.16667
9.24,0
9.25,0
9.26,8.33333
9.27,0
9.28,4.16667
9.29,4.16667
9.3,0
9.31,4.16667
9.32,4.16667
9.33,0
9.34,0
9.35,0
9.36,0
9.37,4.16667
9.38,0
9.39,0
9.4,8.33333
9.41,12.5
9.42,4.16667
9.43,8.33333
9.44,16.6667
9.45,0
9.46,0
9.47,0
9.48,4.16667
9.49,0
9.5,0
9.51,0
9.52,4.16667
9.53,4.16667
9.54,12.5
9.55,0
9.56,0
9.57,0
9.58,0
9.59,0
9.6,4.16667
9.61,0
9.62,0
9.63,0
9.64,0
9.65,0
9.66,0
9.67,4.16667
9.68,0
9.69,0
9.7,4.16667
9.71,0
9.72,0
9.73,0
9.74,0
9.75,4.16667
9.76,4.16667
9.77,0
9.78,0
9.79,16.6667
9.8,0
9.81,0
9.82,0
9.83,0
9.84,4.16667
9.85,0
9.86,0
9.87,0
9.88,4.16667
9.89,8.33333
9.9,4.16667
9.91,4.16667
9.92,8.33333
9.93,4.16667
9.94,0
9.95,4.16667
9.96,0
9.97,0
9.98,4.16667
9.99,4.16667
10,4.16667

